48 7
 46 45 2 43 42 5 40 39 8 37 36 11 34 33 14 31 30 17 28 27 20 25 24 23 22 21 26 19 18 29 16 15 32 13 12 35 10 9 38 7 6 41 4 3 44 1 0 47
 0 1 2 3 4 5 24 25 26 27 28 29 12 13 14 15 16 17 36 37 38 39 40 41 6 7 8 9 10 11 30 31 32 33 34 35 18 19 20 21 22 23 42 43 44 45 46 47
 3 4 5 0 1 2 15 16 17 12 13 14 27 28 29 24 25 26 39 40 41 36 37 38 9 10 11 6 7 8 21 22 23 18 19 20 33 34 35 30 31 32 45 46 47 42 43 44
 0 1 2 3 4 5 12 13 14 15 16 17 6 7 8 9 10 11 18 19 20 21 22 23 24 25 26 27 28 29 36 37 38 39 40 41 30 31 32 33 34 35 42 43 44 45 46 47
 0 47 46 3 44 43 6 41 40 9 38 37 12 35 34 15 32 31 18 29 28 21 26 25 24 23 22 27 20 19 30 17 16 33 14 13 36 11 10 39 8 7 42 5 4 45 2 1
 1 0 47 4 3 44 13 12 35 16 15 32 7 6 41 10 9 38 19 18 29 22 21 26 25 24 23 28 27 20 37 36 11 40 39 8 31 30 17 34 33 14 43 42 5 46 45 2
 0 1 2 3 4 5 6 7 8 9 10 11 24 25 26 27 28 29 30 31 32 33 34 35 12 13 14 15 16 17 18 19 20 21 22 23 36 37 38 39 40 41 42 43 44 45 46 47
48 7
 0 1 2 3 4 5 24 25 26 27 28 29 12 13 14 15 16 17 36 37 38 39 40 41 6 7 8 9 10 11 30 31 32 33 34 35 18 19 20 21 22 23 42 43 44 45 46 47
 0 47 46 3 44 43 6 41 40 9 38 37 12 35 34 15 32 31 18 29 28 21 26 25 24 23 22 27 20 19 30 17 16 33 14 13 36 11 10 39 8 7 42 5 4 45 2 1
 0 1 2 24 25 26 3 4 5 27 28 29 6 7 8 30 31 32 9 10 11 33 34 35 12 13 14 36 37 38 15 16 17 39 40 41 18 19 20 42 43 44 21 22 23 45 46 47
 0 1 2 3 4 5 12 13 14 15 16 17 6 7 8 9 10 11 18 19 20 21 22 23 24 25 26 27 28 29 36 37 38 39 40 41 30 31 32 33 34 35 42 43 44 45 46 47
 46 45 2 43 42 5 40 39 8 37 36 11 34 33 14 31 30 17 28 27 20 25 24 23 22 21 26 19 18 29 16 15 32 13 12 35 10 9 38 7 6 41 4 3 44 1 0 47
 0 1 2 3 4 5 6 7 8 9 10 11 24 25 26 27 28 29 30 31 32 33 34 35 12 13 14 15 16 17 18 19 20 21 22 23 36 37 38 39 40 41 42 43 44 45 46 47
 24 25 26 36 37 38 0 1 2 12 13 14 27 28 29 39 40 41 3 4 5 15 16 17 30 31 32 42 43 44 6 7 8 18 19 20 33 34 35 45 46 47 9 10 11 21 22 23
